asset_collisions(x,y)

beaker1{(155,11); (240,11); (240,209); (403,581); (0,581); (155,209)}

bin{(14,14); (58,260); (148,260); (194,0); (166,285); (38,285)}

cage_closed {(64,0); (192,0); (238,72); (238,266); (0,266); (0,60)}

carrot{(0,379); (38,318); (84,124); (145,84); (211,110); (211,177); (63,343)}

crumpled_paper {(50,0); (174,9); (227,56); (211,173); (144,218); (37,203); (0,133); (0,50)}

microscope{(186,0); (266,108); (306,300); (236,521); (8,521); (8,218)}

potato{(144,0); (191,33); (191,81); (152,134); (61,162); (18,121); (55,40)}

syringe_full{(39,0); (137,0); (137,489); (99,499); (88,620); (78,500); (39,488)}

orange{(0,103); (97,19); (221,19); (304,113); (284,221); (184,296); (79,271); (16,203)} 
