head: (x,y){(430,47); (950,63); (1245,371); (1170,1179); (816,1205); (308,1113); (196,1003); (194,277)}

left_arm: (x,y){(204,72); (786,0); (794,283); (350,395); (176,453); (20,339); (8,240); (125,98)}

left_leg: (x,y){(42,28); (423,6); (414,443); (453,508); (468,633); (94,642); (5,611); (79,275)}

right_arm: (x,y){(103,9); (612,276); (701,462); (660,558); (517,608); (0,290)}

right_leg: (x,y){(9,38); (284,7); (385,216); (443,433); (478,483); (526,662); (114,679); (107,313)}

torso: (x,y){(16,0); (161,23); (249,23); (295,212); (176,239); (0,230)}