colisions (x,y):

coffee: (2,19) (81,15) (90,29) (65,91) (69,108) (15,110)

lava: (18,4) (42,4) (62,192) (2,192)

pillow: (2,21) (126,2) (147,109) (34,133)

shield: (3,25) (74,1) (109,327) (34,343)

sofa: (66,20) (535,6) (616,102) (610,322) (13,324) (5,101)

table: (4,31) (189,1) (317,51) (316,220) (4,220) 

8ball: (70,1) (116,19) (140,68) (119,117) (73,139) (22,121) (0,70) (21,21)

painting: (0,0) (423,0) (423,525) (0,525)

books: (0,0) (123,0) (123,154) (0,154)

----------------------------------------------------------------------------------------------------------------------

locations (x,y):

coffee: (1318,766)

lava: (1696,274)

pillow_left: (564,680)

pillow_right: (940,672)

sofa: (540,658)

table: (1220,808)

8ball: (1514,406)

book1_green: (1610,308)

book4_blue: (1536,312)

painting: (212,206)